case1:-------------------------
初始输入：
5 6
1 1 1 1 1
1 2
2 5
1 4
4 5
1 3
3 5
2
1 5 2 1 20 1
1 2
1 5 2 21 40 1
1 2
交互部分:
1
1
输出...
6
输出
-1

case2:-------------------------
初始输入：
5 7
1 1 1 1 1
1 2
2 5
1 4
4 5
1 3
3 4
4 5
2
1 5 2 1 20 1
1 2
1 5 2 21 40 1
1 2
交互:
1
1
2
2 2
3 21 40 4 1 20
1 2
3 1 20 7 1 20
3
2
1 3
5 1 20 6 1 20 7 1 20
2 3
5 21 40 6 21 40 4 1 20
4
1
2 3
5 21 40 6 21 40 7 21 40


case3(特例测试重边):-------------------------
初始输入：
6 8
0 1 0 0 0 0
1 2
2 3
2 3
3 4
3 5
4 5
1 6
5 5
1
1 5 2 40 40 1
7 8
交互:
1
7


输入：
6 8
0 1 0 0 0 0
1 2
2 3
2 3
3 4
3 5
4 5
1 6
5 5
1
1 5 2 40 40 1
7 8
1
7


